{
 "cells": [
  {
   "cell_type": "markdown",
   "metadata": {},
   "source": [
    "# Wagner Baseball - Analytics Dashboard\n",
    "This python notebook is to scrape the HTML table elements off of Wagner Baseball's website and turn it into a dataframe/csv for further analysis in SQL. After manipulation, a dashboard will be made in Tableau."
   ]
  },
  {
   "cell_type": "code",
   "execution_count": 28,
   "metadata": {
    "id": "eN3S4q5YTHF4"
   },
   "outputs": [],
   "source": [
    "import pandas as pd\n",
    "import seaborn as sns\n",
    "import matplotlib.pyplot as plt"
   ]
  },
  {
   "cell_type": "code",
   "execution_count": 18,
   "metadata": {
    "id": "3Hmv-Fe6TTk8"
   },
   "outputs": [],
   "source": [
    "# find html element <table>\n",
    "df21 = pd.read_html('https://wagnerathletics.com/sports/baseball/stats/2021')\n",
    "df20 = pd.read_html('https://wagnerathletics.com/sports/baseball/stats/2020')\n",
    "df19 = pd.read_html('https://wagnerathletics.com/sports/baseball/stats/2019')\n",
    "df18 = pd.read_html('https://wagnerathletics.com/sports/baseball/stats/2018')\n",
    "df17 = pd.read_html('https://wagnerathletics.com/sports/baseball/stats/2017')\n",
    "df16 = pd.read_html('https://wagnerathletics.com/sports/baseball/stats/2016')\n",
    "df15 = pd.read_html('https://wagnerathletics.com/sports/baseball/stats/2015')\n",
    "df14 = pd.read_html('https://wagnerathletics.com/sports/baseball/stats/2014')"
   ]
  },
  {
   "cell_type": "code",
   "execution_count": 19,
   "metadata": {
    "id": "CHSSknOcToIh"
   },
   "outputs": [],
   "source": [
    "# team pitching stats\n",
    "pitching_stats2021 = df21[7]\n",
    "pitching_stats2020 = df20[7]\n",
    "pitching_stats2019 = df19[7]\n",
    "pitching_stats2018 = df18[7]\n",
    "pitching_stats2017 = df17[7]\n",
    "pitching_stats2016 = df16[7]\n",
    "pitching_stats2015 = df15[7]\n",
    "pitching_stats2014 = df14[7]"
   ]
  },
  {
   "cell_type": "code",
   "execution_count": 20,
   "metadata": {},
   "outputs": [],
   "source": [
    "# individual pitching stats\n",
    "indi_pitching_stats2021 = df21[1]\n",
    "indi_pitching_stats2020 = df20[1]\n",
    "indi_pitching_stats2019 = df19[1]\n",
    "indi_pitching_stats2018 = df18[1]\n",
    "indi_pitching_stats2017 = df17[1]\n",
    "indi_pitching_stats2016 = df16[1]\n",
    "indi_pitching_stats2015 = df15[1]\n",
    "indi_pitching_stats2014 = df14[1]"
   ]
  },
  {
   "cell_type": "code",
   "execution_count": 21,
   "metadata": {
    "colab": {
     "base_uri": "https://localhost:8080/",
     "height": 206
    },
    "id": "K4ptU9dNTu64",
    "outputId": "8b038d28-3d73-4695-ba60-469edbae2b46"
   },
   "outputs": [],
   "source": [
    "# append all pitching stats\n",
    "pitch_stats = pd.concat([pitching_stats2021,pitching_stats2020,pitching_stats2019, pitching_stats2018, pitching_stats2017,pitching_stats2016,pitching_stats2015, pitching_stats2014], ignore_index = True)\n",
    "indi_pitch_stats = pd.concat([indi_pitching_stats2021, indi_pitching_stats2020, indi_pitching_stats2019, indi_pitching_stats2018, indi_pitching_stats2017, indi_pitching_stats2016, indi_pitching_stats2015, indi_pitching_stats2014], ignore_index = True)"
   ]
  },
  {
   "cell_type": "code",
   "execution_count": 22,
   "metadata": {
    "id": "8__ncpS2Tw1j"
   },
   "outputs": [],
   "source": [
    "# individual hitting stats\n",
    "hitting_stats2021 = df21[0]\n",
    "hitting_stats2020 = df20[0]\n",
    "hitting_stats2019 = df19[0]\n",
    "hitting_stats2018 = df18[0]\n",
    "hitting_stats2017 = df17[0]\n",
    "hitting_stats2016 = df16[0]\n",
    "hitting_stats2015 = df15[0]\n",
    "hitting_stats2014 = df14[0]"
   ]
  },
  {
   "cell_type": "code",
   "execution_count": 23,
   "metadata": {
    "id": "rT0Xye0kT6nb"
   },
   "outputs": [],
   "source": [
    "# append all hitting stats\n",
    "hitting_stats = pd.concat([hitting_stats2021,hitting_stats2020,hitting_stats2019, hitting_stats2018, hitting_stats2017,hitting_stats2016,hitting_stats2015, hitting_stats2014], ignore_index = True)"
   ]
  },
  {
   "cell_type": "code",
   "execution_count": 24,
   "metadata": {
    "id": "tJXysiADfCRG"
   },
   "outputs": [],
   "source": [
    "# hitting stats\n",
    "game_stats2021 = df21[6]\n",
    "game_stats2020 = df20[6]\n",
    "game_stats2019 = df19[6]\n",
    "game_stats2018 = df18[6]\n",
    "game_stats2017 = df17[6]\n",
    "game_stats2016 = df16[6]\n",
    "game_stats2015 = df15[6]\n",
    "game_stats2014 = df14[6]"
   ]
  },
  {
   "cell_type": "code",
   "execution_count": 25,
   "metadata": {},
   "outputs": [],
   "source": [
    "# append all pitching game\n",
    "game_stats = pd.concat([game_stats2021,game_stats2020,game_stats2019, game_stats2018, game_stats2017,game_stats2016,game_stats2015, game_stats2014], ignore_index = True)"
   ]
  },
  {
   "cell_type": "code",
   "execution_count": 26,
   "metadata": {},
   "outputs": [],
   "source": [
    "# convert these dataframes to a csv\n",
    "game_stats.to_csv('game_stats.csv')\n",
    "hitting_stats.to_csv('hitting_stats.csv')\n",
    "pitch_stats.to_csv('indi_pitch_stats.csv')"
   ]
  },
  {
   "cell_type": "code",
   "execution_count": 27,
   "metadata": {},
   "outputs": [],
   "source": [
    "hitting_stats.to_csv('hitting_stats.csv')\n",
    "indi_pitch_stats.to_csv('indi_pitch_stats.csv')"
   ]
  },
  {
   "cell_type": "code",
   "execution_count": 35,
   "metadata": {},
   "outputs": [],
   "source": [
    "game_stats['W/L'].replace({\"W\": 1, \n",
    "           \"L\": 0, \"T\": 2}, inplace = True)"
   ]
  },
  {
   "cell_type": "code",
   "execution_count": 37,
   "metadata": {},
   "outputs": [
    {
     "data": {
      "text/html": [
       "<div>\n",
       "<style scoped>\n",
       "    .dataframe tbody tr th:only-of-type {\n",
       "        vertical-align: middle;\n",
       "    }\n",
       "\n",
       "    .dataframe tbody tr th {\n",
       "        vertical-align: top;\n",
       "    }\n",
       "\n",
       "    .dataframe thead th {\n",
       "        text-align: right;\n",
       "    }\n",
       "</style>\n",
       "<table border=\"1\" class=\"dataframe\">\n",
       "  <thead>\n",
       "    <tr style=\"text-align: right;\">\n",
       "      <th></th>\n",
       "      <th>W/L</th>\n",
       "      <th>AB</th>\n",
       "      <th>R</th>\n",
       "      <th>H</th>\n",
       "      <th>RBI</th>\n",
       "      <th>2B</th>\n",
       "      <th>3B</th>\n",
       "      <th>HR</th>\n",
       "      <th>BB</th>\n",
       "      <th>IBB</th>\n",
       "      <th>...</th>\n",
       "      <th>CS</th>\n",
       "      <th>HBP</th>\n",
       "      <th>SH</th>\n",
       "      <th>SF</th>\n",
       "      <th>GDP</th>\n",
       "      <th>K</th>\n",
       "      <th>PO</th>\n",
       "      <th>A</th>\n",
       "      <th>E</th>\n",
       "      <th>AVG</th>\n",
       "    </tr>\n",
       "  </thead>\n",
       "  <tbody>\n",
       "    <tr>\n",
       "      <th>W/L</th>\n",
       "      <td>1.000000</td>\n",
       "      <td>0.176328</td>\n",
       "      <td>0.571369</td>\n",
       "      <td>0.417210</td>\n",
       "      <td>0.551221</td>\n",
       "      <td>0.263767</td>\n",
       "      <td>0.138403</td>\n",
       "      <td>0.241543</td>\n",
       "      <td>0.291201</td>\n",
       "      <td>0.123609</td>\n",
       "      <td>...</td>\n",
       "      <td>0.085615</td>\n",
       "      <td>0.156864</td>\n",
       "      <td>0.215379</td>\n",
       "      <td>0.160385</td>\n",
       "      <td>-0.090967</td>\n",
       "      <td>-0.186051</td>\n",
       "      <td>0.307880</td>\n",
       "      <td>0.051377</td>\n",
       "      <td>-0.226045</td>\n",
       "      <td>0.453647</td>\n",
       "    </tr>\n",
       "    <tr>\n",
       "      <th>AB</th>\n",
       "      <td>0.176328</td>\n",
       "      <td>1.000000</td>\n",
       "      <td>0.984302</td>\n",
       "      <td>0.996961</td>\n",
       "      <td>0.983151</td>\n",
       "      <td>0.986049</td>\n",
       "      <td>0.831605</td>\n",
       "      <td>0.891319</td>\n",
       "      <td>0.988686</td>\n",
       "      <td>0.758981</td>\n",
       "      <td>...</td>\n",
       "      <td>0.954601</td>\n",
       "      <td>0.962653</td>\n",
       "      <td>0.900551</td>\n",
       "      <td>0.955976</td>\n",
       "      <td>0.957162</td>\n",
       "      <td>0.987922</td>\n",
       "      <td>0.999632</td>\n",
       "      <td>0.994515</td>\n",
       "      <td>0.972068</td>\n",
       "      <td>0.444756</td>\n",
       "    </tr>\n",
       "    <tr>\n",
       "      <th>R</th>\n",
       "      <td>0.571369</td>\n",
       "      <td>0.984302</td>\n",
       "      <td>1.000000</td>\n",
       "      <td>0.990561</td>\n",
       "      <td>0.999514</td>\n",
       "      <td>0.987352</td>\n",
       "      <td>0.866444</td>\n",
       "      <td>0.924995</td>\n",
       "      <td>0.987753</td>\n",
       "      <td>0.766208</td>\n",
       "      <td>...</td>\n",
       "      <td>0.941266</td>\n",
       "      <td>0.931190</td>\n",
       "      <td>0.878987</td>\n",
       "      <td>0.961027</td>\n",
       "      <td>0.934786</td>\n",
       "      <td>0.961263</td>\n",
       "      <td>0.982482</td>\n",
       "      <td>0.974942</td>\n",
       "      <td>0.936061</td>\n",
       "      <td>0.728346</td>\n",
       "    </tr>\n",
       "    <tr>\n",
       "      <th>H</th>\n",
       "      <td>0.417210</td>\n",
       "      <td>0.996961</td>\n",
       "      <td>0.990561</td>\n",
       "      <td>1.000000</td>\n",
       "      <td>0.988982</td>\n",
       "      <td>0.990769</td>\n",
       "      <td>0.832537</td>\n",
       "      <td>0.893893</td>\n",
       "      <td>0.985402</td>\n",
       "      <td>0.771075</td>\n",
       "      <td>...</td>\n",
       "      <td>0.948084</td>\n",
       "      <td>0.952362</td>\n",
       "      <td>0.905761</td>\n",
       "      <td>0.957080</td>\n",
       "      <td>0.961193</td>\n",
       "      <td>0.975910</td>\n",
       "      <td>0.995397</td>\n",
       "      <td>0.990672</td>\n",
       "      <td>0.959877</td>\n",
       "      <td>0.920255</td>\n",
       "    </tr>\n",
       "    <tr>\n",
       "      <th>RBI</th>\n",
       "      <td>0.551221</td>\n",
       "      <td>0.983151</td>\n",
       "      <td>0.999514</td>\n",
       "      <td>0.988982</td>\n",
       "      <td>1.000000</td>\n",
       "      <td>0.985408</td>\n",
       "      <td>0.873122</td>\n",
       "      <td>0.929395</td>\n",
       "      <td>0.987848</td>\n",
       "      <td>0.761707</td>\n",
       "      <td>...</td>\n",
       "      <td>0.941898</td>\n",
       "      <td>0.930742</td>\n",
       "      <td>0.872688</td>\n",
       "      <td>0.962789</td>\n",
       "      <td>0.930476</td>\n",
       "      <td>0.961302</td>\n",
       "      <td>0.981355</td>\n",
       "      <td>0.973153</td>\n",
       "      <td>0.936271</td>\n",
       "      <td>0.731156</td>\n",
       "    </tr>\n",
       "    <tr>\n",
       "      <th>2B</th>\n",
       "      <td>0.263767</td>\n",
       "      <td>0.986049</td>\n",
       "      <td>0.987352</td>\n",
       "      <td>0.990769</td>\n",
       "      <td>0.985408</td>\n",
       "      <td>1.000000</td>\n",
       "      <td>0.815739</td>\n",
       "      <td>0.893389</td>\n",
       "      <td>0.980970</td>\n",
       "      <td>0.773356</td>\n",
       "      <td>...</td>\n",
       "      <td>0.940310</td>\n",
       "      <td>0.939741</td>\n",
       "      <td>0.900075</td>\n",
       "      <td>0.944104</td>\n",
       "      <td>0.948851</td>\n",
       "      <td>0.964244</td>\n",
       "      <td>0.985070</td>\n",
       "      <td>0.981092</td>\n",
       "      <td>0.939006</td>\n",
       "      <td>0.514457</td>\n",
       "    </tr>\n",
       "    <tr>\n",
       "      <th>3B</th>\n",
       "      <td>0.138403</td>\n",
       "      <td>0.831605</td>\n",
       "      <td>0.866444</td>\n",
       "      <td>0.832537</td>\n",
       "      <td>0.873122</td>\n",
       "      <td>0.815739</td>\n",
       "      <td>1.000000</td>\n",
       "      <td>0.878302</td>\n",
       "      <td>0.846940</td>\n",
       "      <td>0.544550</td>\n",
       "      <td>...</td>\n",
       "      <td>0.822589</td>\n",
       "      <td>0.775917</td>\n",
       "      <td>0.642108</td>\n",
       "      <td>0.857061</td>\n",
       "      <td>0.732902</td>\n",
       "      <td>0.815838</td>\n",
       "      <td>0.828227</td>\n",
       "      <td>0.811722</td>\n",
       "      <td>0.799283</td>\n",
       "      <td>0.212072</td>\n",
       "    </tr>\n",
       "    <tr>\n",
       "      <th>HR</th>\n",
       "      <td>0.241543</td>\n",
       "      <td>0.891319</td>\n",
       "      <td>0.924995</td>\n",
       "      <td>0.893893</td>\n",
       "      <td>0.929395</td>\n",
       "      <td>0.893389</td>\n",
       "      <td>0.878302</td>\n",
       "      <td>1.000000</td>\n",
       "      <td>0.913821</td>\n",
       "      <td>0.594055</td>\n",
       "      <td>...</td>\n",
       "      <td>0.905022</td>\n",
       "      <td>0.840669</td>\n",
       "      <td>0.747139</td>\n",
       "      <td>0.871531</td>\n",
       "      <td>0.789465</td>\n",
       "      <td>0.879620</td>\n",
       "      <td>0.891146</td>\n",
       "      <td>0.877665</td>\n",
       "      <td>0.846184</td>\n",
       "      <td>0.251525</td>\n",
       "    </tr>\n",
       "    <tr>\n",
       "      <th>BB</th>\n",
       "      <td>0.291201</td>\n",
       "      <td>0.988686</td>\n",
       "      <td>0.987753</td>\n",
       "      <td>0.985402</td>\n",
       "      <td>0.987848</td>\n",
       "      <td>0.980970</td>\n",
       "      <td>0.846940</td>\n",
       "      <td>0.913821</td>\n",
       "      <td>1.000000</td>\n",
       "      <td>0.758738</td>\n",
       "      <td>...</td>\n",
       "      <td>0.954081</td>\n",
       "      <td>0.947134</td>\n",
       "      <td>0.876339</td>\n",
       "      <td>0.955599</td>\n",
       "      <td>0.930208</td>\n",
       "      <td>0.983110</td>\n",
       "      <td>0.989421</td>\n",
       "      <td>0.980937</td>\n",
       "      <td>0.955391</td>\n",
       "      <td>0.226645</td>\n",
       "    </tr>\n",
       "    <tr>\n",
       "      <th>IBB</th>\n",
       "      <td>0.123609</td>\n",
       "      <td>0.758981</td>\n",
       "      <td>0.766208</td>\n",
       "      <td>0.771075</td>\n",
       "      <td>0.761707</td>\n",
       "      <td>0.773356</td>\n",
       "      <td>0.544550</td>\n",
       "      <td>0.594055</td>\n",
       "      <td>0.758738</td>\n",
       "      <td>1.000000</td>\n",
       "      <td>...</td>\n",
       "      <td>0.666505</td>\n",
       "      <td>0.717695</td>\n",
       "      <td>0.832211</td>\n",
       "      <td>0.772684</td>\n",
       "      <td>0.769933</td>\n",
       "      <td>0.719641</td>\n",
       "      <td>0.760321</td>\n",
       "      <td>0.774391</td>\n",
       "      <td>0.684971</td>\n",
       "      <td>0.061350</td>\n",
       "    </tr>\n",
       "    <tr>\n",
       "      <th>SB</th>\n",
       "      <td>0.308508</td>\n",
       "      <td>0.925785</td>\n",
       "      <td>0.919787</td>\n",
       "      <td>0.917107</td>\n",
       "      <td>0.920206</td>\n",
       "      <td>0.915696</td>\n",
       "      <td>0.773316</td>\n",
       "      <td>0.896143</td>\n",
       "      <td>0.941640</td>\n",
       "      <td>0.666482</td>\n",
       "      <td>...</td>\n",
       "      <td>0.939208</td>\n",
       "      <td>0.913293</td>\n",
       "      <td>0.824638</td>\n",
       "      <td>0.882623</td>\n",
       "      <td>0.835036</td>\n",
       "      <td>0.938125</td>\n",
       "      <td>0.930315</td>\n",
       "      <td>0.921164</td>\n",
       "      <td>0.913721</td>\n",
       "      <td>0.242177</td>\n",
       "    </tr>\n",
       "    <tr>\n",
       "      <th>CS</th>\n",
       "      <td>0.085615</td>\n",
       "      <td>0.954601</td>\n",
       "      <td>0.941266</td>\n",
       "      <td>0.948084</td>\n",
       "      <td>0.941898</td>\n",
       "      <td>0.940310</td>\n",
       "      <td>0.822589</td>\n",
       "      <td>0.905022</td>\n",
       "      <td>0.954081</td>\n",
       "      <td>0.666505</td>\n",
       "      <td>...</td>\n",
       "      <td>1.000000</td>\n",
       "      <td>0.941565</td>\n",
       "      <td>0.850949</td>\n",
       "      <td>0.911472</td>\n",
       "      <td>0.878464</td>\n",
       "      <td>0.952093</td>\n",
       "      <td>0.957555</td>\n",
       "      <td>0.952681</td>\n",
       "      <td>0.935946</td>\n",
       "      <td>0.163086</td>\n",
       "    </tr>\n",
       "    <tr>\n",
       "      <th>HBP</th>\n",
       "      <td>0.156864</td>\n",
       "      <td>0.962653</td>\n",
       "      <td>0.931190</td>\n",
       "      <td>0.952362</td>\n",
       "      <td>0.930742</td>\n",
       "      <td>0.939741</td>\n",
       "      <td>0.775917</td>\n",
       "      <td>0.840669</td>\n",
       "      <td>0.947134</td>\n",
       "      <td>0.717695</td>\n",
       "      <td>...</td>\n",
       "      <td>0.941565</td>\n",
       "      <td>1.000000</td>\n",
       "      <td>0.898005</td>\n",
       "      <td>0.923755</td>\n",
       "      <td>0.914581</td>\n",
       "      <td>0.959213</td>\n",
       "      <td>0.965460</td>\n",
       "      <td>0.970576</td>\n",
       "      <td>0.953684</td>\n",
       "      <td>0.206196</td>\n",
       "    </tr>\n",
       "    <tr>\n",
       "      <th>SH</th>\n",
       "      <td>0.215379</td>\n",
       "      <td>0.900551</td>\n",
       "      <td>0.878987</td>\n",
       "      <td>0.905761</td>\n",
       "      <td>0.872688</td>\n",
       "      <td>0.900075</td>\n",
       "      <td>0.642108</td>\n",
       "      <td>0.747139</td>\n",
       "      <td>0.876339</td>\n",
       "      <td>0.832211</td>\n",
       "      <td>...</td>\n",
       "      <td>0.850949</td>\n",
       "      <td>0.898005</td>\n",
       "      <td>1.000000</td>\n",
       "      <td>0.861451</td>\n",
       "      <td>0.891943</td>\n",
       "      <td>0.860413</td>\n",
       "      <td>0.903388</td>\n",
       "      <td>0.927527</td>\n",
       "      <td>0.845737</td>\n",
       "      <td>0.156129</td>\n",
       "    </tr>\n",
       "    <tr>\n",
       "      <th>SF</th>\n",
       "      <td>0.160385</td>\n",
       "      <td>0.955976</td>\n",
       "      <td>0.961027</td>\n",
       "      <td>0.957080</td>\n",
       "      <td>0.962789</td>\n",
       "      <td>0.944104</td>\n",
       "      <td>0.857061</td>\n",
       "      <td>0.871531</td>\n",
       "      <td>0.955599</td>\n",
       "      <td>0.772684</td>\n",
       "      <td>...</td>\n",
       "      <td>0.911472</td>\n",
       "      <td>0.923755</td>\n",
       "      <td>0.861451</td>\n",
       "      <td>1.000000</td>\n",
       "      <td>0.903321</td>\n",
       "      <td>0.935248</td>\n",
       "      <td>0.955642</td>\n",
       "      <td>0.951272</td>\n",
       "      <td>0.925959</td>\n",
       "      <td>0.260686</td>\n",
       "    </tr>\n",
       "    <tr>\n",
       "      <th>GDP</th>\n",
       "      <td>-0.090967</td>\n",
       "      <td>0.957162</td>\n",
       "      <td>0.934786</td>\n",
       "      <td>0.961193</td>\n",
       "      <td>0.930476</td>\n",
       "      <td>0.948851</td>\n",
       "      <td>0.732902</td>\n",
       "      <td>0.789465</td>\n",
       "      <td>0.930208</td>\n",
       "      <td>0.769933</td>\n",
       "      <td>...</td>\n",
       "      <td>0.878464</td>\n",
       "      <td>0.914581</td>\n",
       "      <td>0.891943</td>\n",
       "      <td>0.903321</td>\n",
       "      <td>1.000000</td>\n",
       "      <td>0.927556</td>\n",
       "      <td>0.954786</td>\n",
       "      <td>0.953313</td>\n",
       "      <td>0.920921</td>\n",
       "      <td>0.060767</td>\n",
       "    </tr>\n",
       "    <tr>\n",
       "      <th>K</th>\n",
       "      <td>-0.186051</td>\n",
       "      <td>0.987922</td>\n",
       "      <td>0.961263</td>\n",
       "      <td>0.975910</td>\n",
       "      <td>0.961302</td>\n",
       "      <td>0.964244</td>\n",
       "      <td>0.815838</td>\n",
       "      <td>0.879620</td>\n",
       "      <td>0.983110</td>\n",
       "      <td>0.719641</td>\n",
       "      <td>...</td>\n",
       "      <td>0.952093</td>\n",
       "      <td>0.959213</td>\n",
       "      <td>0.860413</td>\n",
       "      <td>0.935248</td>\n",
       "      <td>0.927556</td>\n",
       "      <td>1.000000</td>\n",
       "      <td>0.989203</td>\n",
       "      <td>0.979043</td>\n",
       "      <td>0.977853</td>\n",
       "      <td>-0.328665</td>\n",
       "    </tr>\n",
       "    <tr>\n",
       "      <th>PO</th>\n",
       "      <td>0.307880</td>\n",
       "      <td>0.999632</td>\n",
       "      <td>0.982482</td>\n",
       "      <td>0.995397</td>\n",
       "      <td>0.981355</td>\n",
       "      <td>0.985070</td>\n",
       "      <td>0.828227</td>\n",
       "      <td>0.891146</td>\n",
       "      <td>0.989421</td>\n",
       "      <td>0.760321</td>\n",
       "      <td>...</td>\n",
       "      <td>0.957555</td>\n",
       "      <td>0.965460</td>\n",
       "      <td>0.903388</td>\n",
       "      <td>0.955642</td>\n",
       "      <td>0.954786</td>\n",
       "      <td>0.989203</td>\n",
       "      <td>1.000000</td>\n",
       "      <td>0.995553</td>\n",
       "      <td>0.972217</td>\n",
       "      <td>0.090648</td>\n",
       "    </tr>\n",
       "    <tr>\n",
       "      <th>A</th>\n",
       "      <td>0.051377</td>\n",
       "      <td>0.994515</td>\n",
       "      <td>0.974942</td>\n",
       "      <td>0.990672</td>\n",
       "      <td>0.973153</td>\n",
       "      <td>0.981092</td>\n",
       "      <td>0.811722</td>\n",
       "      <td>0.877665</td>\n",
       "      <td>0.980937</td>\n",
       "      <td>0.774391</td>\n",
       "      <td>...</td>\n",
       "      <td>0.952681</td>\n",
       "      <td>0.970576</td>\n",
       "      <td>0.927527</td>\n",
       "      <td>0.951272</td>\n",
       "      <td>0.953313</td>\n",
       "      <td>0.979043</td>\n",
       "      <td>0.995553</td>\n",
       "      <td>1.000000</td>\n",
       "      <td>0.961590</td>\n",
       "      <td>-0.028961</td>\n",
       "    </tr>\n",
       "    <tr>\n",
       "      <th>E</th>\n",
       "      <td>-0.226045</td>\n",
       "      <td>0.972068</td>\n",
       "      <td>0.936061</td>\n",
       "      <td>0.959877</td>\n",
       "      <td>0.936271</td>\n",
       "      <td>0.939006</td>\n",
       "      <td>0.799283</td>\n",
       "      <td>0.846184</td>\n",
       "      <td>0.955391</td>\n",
       "      <td>0.684971</td>\n",
       "      <td>...</td>\n",
       "      <td>0.935946</td>\n",
       "      <td>0.953684</td>\n",
       "      <td>0.845737</td>\n",
       "      <td>0.925959</td>\n",
       "      <td>0.920921</td>\n",
       "      <td>0.977853</td>\n",
       "      <td>0.972217</td>\n",
       "      <td>0.961590</td>\n",
       "      <td>1.000000</td>\n",
       "      <td>-0.058855</td>\n",
       "    </tr>\n",
       "    <tr>\n",
       "      <th>AVG</th>\n",
       "      <td>0.453647</td>\n",
       "      <td>0.444756</td>\n",
       "      <td>0.728346</td>\n",
       "      <td>0.920255</td>\n",
       "      <td>0.731156</td>\n",
       "      <td>0.514457</td>\n",
       "      <td>0.212072</td>\n",
       "      <td>0.251525</td>\n",
       "      <td>0.226645</td>\n",
       "      <td>0.061350</td>\n",
       "      <td>...</td>\n",
       "      <td>0.163086</td>\n",
       "      <td>0.206196</td>\n",
       "      <td>0.156129</td>\n",
       "      <td>0.260686</td>\n",
       "      <td>0.060767</td>\n",
       "      <td>-0.328665</td>\n",
       "      <td>0.090648</td>\n",
       "      <td>-0.028961</td>\n",
       "      <td>-0.058855</td>\n",
       "      <td>1.000000</td>\n",
       "    </tr>\n",
       "  </tbody>\n",
       "</table>\n",
       "<p>21 rows × 21 columns</p>\n",
       "</div>"
      ],
      "text/plain": [
       "          W/L        AB         R         H       RBI        2B        3B  \\\n",
       "W/L  1.000000  0.176328  0.571369  0.417210  0.551221  0.263767  0.138403   \n",
       "AB   0.176328  1.000000  0.984302  0.996961  0.983151  0.986049  0.831605   \n",
       "R    0.571369  0.984302  1.000000  0.990561  0.999514  0.987352  0.866444   \n",
       "H    0.417210  0.996961  0.990561  1.000000  0.988982  0.990769  0.832537   \n",
       "RBI  0.551221  0.983151  0.999514  0.988982  1.000000  0.985408  0.873122   \n",
       "2B   0.263767  0.986049  0.987352  0.990769  0.985408  1.000000  0.815739   \n",
       "3B   0.138403  0.831605  0.866444  0.832537  0.873122  0.815739  1.000000   \n",
       "HR   0.241543  0.891319  0.924995  0.893893  0.929395  0.893389  0.878302   \n",
       "BB   0.291201  0.988686  0.987753  0.985402  0.987848  0.980970  0.846940   \n",
       "IBB  0.123609  0.758981  0.766208  0.771075  0.761707  0.773356  0.544550   \n",
       "SB   0.308508  0.925785  0.919787  0.917107  0.920206  0.915696  0.773316   \n",
       "CS   0.085615  0.954601  0.941266  0.948084  0.941898  0.940310  0.822589   \n",
       "HBP  0.156864  0.962653  0.931190  0.952362  0.930742  0.939741  0.775917   \n",
       "SH   0.215379  0.900551  0.878987  0.905761  0.872688  0.900075  0.642108   \n",
       "SF   0.160385  0.955976  0.961027  0.957080  0.962789  0.944104  0.857061   \n",
       "GDP -0.090967  0.957162  0.934786  0.961193  0.930476  0.948851  0.732902   \n",
       "K   -0.186051  0.987922  0.961263  0.975910  0.961302  0.964244  0.815838   \n",
       "PO   0.307880  0.999632  0.982482  0.995397  0.981355  0.985070  0.828227   \n",
       "A    0.051377  0.994515  0.974942  0.990672  0.973153  0.981092  0.811722   \n",
       "E   -0.226045  0.972068  0.936061  0.959877  0.936271  0.939006  0.799283   \n",
       "AVG  0.453647  0.444756  0.728346  0.920255  0.731156  0.514457  0.212072   \n",
       "\n",
       "           HR        BB       IBB  ...        CS       HBP        SH  \\\n",
       "W/L  0.241543  0.291201  0.123609  ...  0.085615  0.156864  0.215379   \n",
       "AB   0.891319  0.988686  0.758981  ...  0.954601  0.962653  0.900551   \n",
       "R    0.924995  0.987753  0.766208  ...  0.941266  0.931190  0.878987   \n",
       "H    0.893893  0.985402  0.771075  ...  0.948084  0.952362  0.905761   \n",
       "RBI  0.929395  0.987848  0.761707  ...  0.941898  0.930742  0.872688   \n",
       "2B   0.893389  0.980970  0.773356  ...  0.940310  0.939741  0.900075   \n",
       "3B   0.878302  0.846940  0.544550  ...  0.822589  0.775917  0.642108   \n",
       "HR   1.000000  0.913821  0.594055  ...  0.905022  0.840669  0.747139   \n",
       "BB   0.913821  1.000000  0.758738  ...  0.954081  0.947134  0.876339   \n",
       "IBB  0.594055  0.758738  1.000000  ...  0.666505  0.717695  0.832211   \n",
       "SB   0.896143  0.941640  0.666482  ...  0.939208  0.913293  0.824638   \n",
       "CS   0.905022  0.954081  0.666505  ...  1.000000  0.941565  0.850949   \n",
       "HBP  0.840669  0.947134  0.717695  ...  0.941565  1.000000  0.898005   \n",
       "SH   0.747139  0.876339  0.832211  ...  0.850949  0.898005  1.000000   \n",
       "SF   0.871531  0.955599  0.772684  ...  0.911472  0.923755  0.861451   \n",
       "GDP  0.789465  0.930208  0.769933  ...  0.878464  0.914581  0.891943   \n",
       "K    0.879620  0.983110  0.719641  ...  0.952093  0.959213  0.860413   \n",
       "PO   0.891146  0.989421  0.760321  ...  0.957555  0.965460  0.903388   \n",
       "A    0.877665  0.980937  0.774391  ...  0.952681  0.970576  0.927527   \n",
       "E    0.846184  0.955391  0.684971  ...  0.935946  0.953684  0.845737   \n",
       "AVG  0.251525  0.226645  0.061350  ...  0.163086  0.206196  0.156129   \n",
       "\n",
       "           SF       GDP         K        PO         A         E       AVG  \n",
       "W/L  0.160385 -0.090967 -0.186051  0.307880  0.051377 -0.226045  0.453647  \n",
       "AB   0.955976  0.957162  0.987922  0.999632  0.994515  0.972068  0.444756  \n",
       "R    0.961027  0.934786  0.961263  0.982482  0.974942  0.936061  0.728346  \n",
       "H    0.957080  0.961193  0.975910  0.995397  0.990672  0.959877  0.920255  \n",
       "RBI  0.962789  0.930476  0.961302  0.981355  0.973153  0.936271  0.731156  \n",
       "2B   0.944104  0.948851  0.964244  0.985070  0.981092  0.939006  0.514457  \n",
       "3B   0.857061  0.732902  0.815838  0.828227  0.811722  0.799283  0.212072  \n",
       "HR   0.871531  0.789465  0.879620  0.891146  0.877665  0.846184  0.251525  \n",
       "BB   0.955599  0.930208  0.983110  0.989421  0.980937  0.955391  0.226645  \n",
       "IBB  0.772684  0.769933  0.719641  0.760321  0.774391  0.684971  0.061350  \n",
       "SB   0.882623  0.835036  0.938125  0.930315  0.921164  0.913721  0.242177  \n",
       "CS   0.911472  0.878464  0.952093  0.957555  0.952681  0.935946  0.163086  \n",
       "HBP  0.923755  0.914581  0.959213  0.965460  0.970576  0.953684  0.206196  \n",
       "SH   0.861451  0.891943  0.860413  0.903388  0.927527  0.845737  0.156129  \n",
       "SF   1.000000  0.903321  0.935248  0.955642  0.951272  0.925959  0.260686  \n",
       "GDP  0.903321  1.000000  0.927556  0.954786  0.953313  0.920921  0.060767  \n",
       "K    0.935248  0.927556  1.000000  0.989203  0.979043  0.977853 -0.328665  \n",
       "PO   0.955642  0.954786  0.989203  1.000000  0.995553  0.972217  0.090648  \n",
       "A    0.951272  0.953313  0.979043  0.995553  1.000000  0.961590 -0.028961  \n",
       "E    0.925959  0.920921  0.977853  0.972217  0.961590  1.000000 -0.058855  \n",
       "AVG  0.260686  0.060767 -0.328665  0.090648 -0.028961 -0.058855  1.000000  \n",
       "\n",
       "[21 rows x 21 columns]"
      ]
     },
     "execution_count": 37,
     "metadata": {},
     "output_type": "execute_result"
    }
   ],
   "source": [
    "game_stats.corr()"
   ]
  }
 ],
 "metadata": {
  "colab": {
   "collapsed_sections": [],
   "name": "wagner.ipynb",
   "provenance": []
  },
  "kernelspec": {
   "display_name": "Python 3",
   "language": "python",
   "name": "python3"
  },
  "language_info": {
   "codemirror_mode": {
    "name": "ipython",
    "version": 3
   },
   "file_extension": ".py",
   "mimetype": "text/x-python",
   "name": "python",
   "nbconvert_exporter": "python",
   "pygments_lexer": "ipython3",
   "version": "3.8.8"
  }
 },
 "nbformat": 4,
 "nbformat_minor": 1
}
